[metadata]
addr = 0x44a522
size = 0x3e
last_change = 2024-04-10T12:34:34.839835Z

[header]
last_change = 2024-04-10T12:34:34.839835Z
name = "unknown_func_1"
addr = 0x44a522
