[metadata]
addr = 0x44a560
size = 0xcb
last_change = 2024-04-10T12:42:39.744375Z

[header]
last_change = 2024-04-10T12:42:39.744375Z
name = "wee_func"
addr = 0x44a560
