[metadata]
addr = 0x44a560
size = 0xcb
last_change = 2024-04-10T12:42:33.022931Z

[header]
last_change = 2024-04-10T12:42:33.022931Z
name = "wee"
addr = 0x44a560
