[metadata]
addr = 0x44a522
size = 0x3e
last_change = 2024-04-10T12:33:17.759221Z

[header]
last_change = 2024-04-10T12:33:17.759221Z
name = "unknown_func"
addr = 0x44a522
